1000	6		
Sitio0	5	3.1137769	-73.413769
Sitio1	1	2.9659879	-73.534937
Sitio2	5	3.2413551	-73.574396
Sitio3	6	2.9694748	-73.454953
Sitio4	1	3.0481824	-73.508904
Sitio5	4	3.1603853	-73.482847
Sitio6	6	3.1791099	-73.56227
Sitio7	5	3.1914175	-73.404579
Sitio8	4	3.1502995	-73.458795
Sitio9	0	2.9950828	-73.469643
Sitio10	0	3.1238391	-73.488605
Sitio11	1	3.1572009	-73.434478
Sitio12	4	2.9930087	-73.564296
Sitio13	0	3.0723559	-73.552054
Sitio14	0	3.240575	-73.419898
Sitio15	5	3.017973	-73.521181
Sitio16	5	3.1701452	-73.576966
Sitio17	2	3.0605243	-73.553307
Sitio18	4	3.2131468	-73.425724
Sitio19	3	3.0298925	-73.406001
Sitio20	4	3.0420297	-73.589755
Sitio21	3	3.2239273	-73.4526
Sitio22	5	3.1808006	-73.545683
Sitio23	1	3.1205119	-73.480199
Sitio24	4	3.1140174	-73.591436
Sitio25	1	3.0614664	-73.593797
Sitio26	5	2.9955513	-73.56081
Sitio27	0	3.1169549	-73.576538
Sitio28	3	3.0620112	-73.452665
Sitio29	3	2.9849773	-73.591721
Sitio30	6	3.1052696	-73.5131
Sitio31	3	3.141218	-73.453327
Sitio32	1	3.2436007	-73.536825
Sitio33	5	3.051885	-73.52233
Sitio34	4	3.1314983	-73.455978
Sitio35	5	3.185635	-73.480186
Sitio36	0	2.9856609	-73.468369
Sitio37	2	3.0822348	-73.546171
Sitio38	1	3.0356071	-73.534781
Sitio39	3	3.2124974	-73.573256
Sitio40	1	2.993545	-73.431926
Sitio41	4	3.2134241	-73.414558
Sitio42	0	3.1014558	-73.555582
Sitio43	2	3.150983	-73.436154
Sitio44	2	3.0735398	-73.478317
Sitio45	5	3.1120224	-73.469704
Sitio46	6	3.0054733	-73.5252
Sitio47	0	3.1614448	-73.559614
Sitio48	6	3.120574	-73.453097
Sitio49	5	3.0442425	-73.594875
Sitio50	5	3.2499424	-73.56091
Sitio51	0	3.1070633	-73.514096
Sitio52	0	2.95614	-73.460725
Sitio53	1	3.0610783	-73.41947
Sitio54	6	3.1917722	-73.427317
Sitio55	6	3.0808228	-73.408524
Sitio56	3	3.2215426	-73.561424
Sitio57	4	2.958905	-73.552151
Sitio58	6	3.0635781	-73.546245
Sitio59	3	3.0542035	-73.474162
Sitio60	5	3.2339809	-73.454273
Sitio61	2	3.0407675	-73.537892
Sitio62	2	3.2293572	-73.491067
Sitio63	6	3.2000946	-73.582203
Sitio64	0	3.0111312	-73.419429
Sitio65	6	3.1576115	-73.442821
Sitio66	6	3.0764753	-73.59856
Sitio67	6	3.1447882	-73.561056
Sitio68	6	2.9907731	-73.419909
Sitio69	3	3.0660084	-73.434509
Sitio70	3	3.1605103	-73.584043
Sitio71	1	3.1322098	-73.44203
Sitio72	4	3.2155295	-73.447475
Sitio73	0	3.2248798	-73.498341
Sitio74	4	3.0951915	-73.595783
Sitio75	5	2.9608471	-73.522601
Sitio76	2	2.9745364	-73.477388
Sitio77	5	3.1743592	-73.456521
Sitio78	2	3.0601938	-73.437094
Sitio79	0	3.0121214	-73.54502
Sitio80	1	3.0393103	-73.574063
Sitio81	1	3.1606708	-73.422005
Sitio82	5	3.1365918	-73.537261
Sitio83	1	2.9518747	-73.476046
Sitio84	4	3.2307474	-73.436192
Sitio85	3	3.0388991	-73.515562
Sitio86	1	3.0425285	-73.418755
Sitio87	1	3.0392685	-73.575734
Sitio88	6	3.2108163	-73.452289
Sitio89	1	3.2264627	-73.54569
Sitio90	3	3.2184611	-73.44658
Sitio91	1	2.9665796	-73.439554
Sitio92	3	3.1032474	-73.530727
Sitio93	0	3.0468825	-73.448378
Sitio94	4	3.024357	-73.534729
Sitio95	2	3.2048996	-73.505738
Sitio96	3	2.9911508	-73.452804
Sitio97	3	3.0656061	-73.451717
Sitio98	4	3.1464298	-73.55995
Sitio99	5	2.9970488	-73.432413
Sitio100	3	2.9962677	-73.420731
Sitio101	6	2.9862488	-73.440518
Sitio102	0	3.1280714	-73.486082
Sitio103	6	2.9985458	-73.57723
Sitio104	0	3.1981228	-73.468695
Sitio105	5	2.9601352	-73.418731
Sitio106	3	2.9550622	-73.411845
Sitio107	6	3.2308275	-73.524664
Sitio108	1	3.1259798	-73.494503
Sitio109	0	3.1924529	-73.423528
Sitio110	4	3.0034934	-73.41621
Sitio111	2	2.982761	-73.595771
Sitio112	6	3.0107658	-73.540281
Sitio113	4	3.1344793	-73.574033
Sitio114	0	2.9937842	-73.573887
Sitio115	5	2.9871252	-73.503609
Sitio116	5	2.9887791	-73.492469
Sitio117	0	2.9610699	-73.404771
Sitio118	5	3.0935934	-73.45853
Sitio119	1	3.1819831	-73.59666
Sitio120	4	3.018784	-73.53129
Sitio121	5	3.0053789	-73.585649
Sitio122	3	3.1144953	-73.422471
Sitio123	0	2.9519119	-73.578687
Sitio124	2	2.9953036	-73.53585
Sitio125	0	3.1870921	-73.476357
Sitio126	6	3.2478042	-73.537283
Sitio127	2	3.2166666	-73.462329
Sitio128	1	3.0507635	-73.448209
Sitio129	5	3.1438427	-73.471157
Sitio130	6	3.0452305	-73.455249
Sitio131	5	3.06907	-73.524134
Sitio132	3	3.061493	-73.501921
Sitio133	5	2.9991278	-73.51375
Sitio134	4	3.1740805	-73.463033
Sitio135	1	3.1779729	-73.435246
Sitio136	2	3.0749342	-73.473308
Sitio137	6	3.189539	-73.440928
Sitio138	4	2.9534628	-73.517839
Sitio139	0	3.0077689	-73.426581
Sitio140	5	3.0751083	-73.595522
Sitio141	6	3.2352787	-73.567048
Sitio142	4	3.1055857	-73.543695
Sitio143	4	2.9699028	-73.586069
Sitio144	2	3.2362342	-73.508499
Sitio145	5	3.0985806	-73.50352
Sitio146	6	3.001409	-73.426069
Sitio147	6	2.9995623	-73.474064
Sitio148	3	3.0908925	-73.540722
Sitio149	1	2.9631558	-73.569641
Sitio150	1	3.0654541	-73.521081
Sitio151	0	3.1380552	-73.428071
Sitio152	6	3.1745543	-73.430916
Sitio153	0	3.1011202	-73.540757
Sitio154	3	3.2377566	-73.432993
Sitio155	1	3.2000306	-73.472987
Sitio156	3	3.1756415	-73.437681
Sitio157	1	3.2226912	-73.434685
Sitio158	1	3.2049393	-73.4042
Sitio159	1	3.0743291	-73.550519
Sitio160	4	3.0069439	-73.517365
Sitio161	6	2.966143	-73.555296
Sitio162	1	3.0553529	-73.512442
Sitio163	3	3.2016646	-73.559463
Sitio164	1	3.0715267	-73.48565
Sitio165	4	3.0467623	-73.548898
Sitio166	5	3.2028231	-73.459872
Sitio167	3	3.050664	-73.429331
Sitio168	2	3.1681064	-73.546664
Sitio169	2	3.0266463	-73.463882
Sitio170	4	2.9876563	-73.565778
Sitio171	4	3.2397891	-73.598702
Sitio172	0	3.2112071	-73.470703
Sitio173	3	3.1864548	-73.513291
Sitio174	6	3.0560688	-73.599006
Sitio175	2	3.0044297	-73.475123
Sitio176	1	2.9820738	-73.482339
Sitio177	3	3.1758107	-73.433183
Sitio178	1	3.020159	-73.525304
Sitio179	4	3.1977648	-73.572322
Sitio180	3	3.1470728	-73.431419
Sitio181	5	3.2067277	-73.521129
Sitio182	2	3.211356	-73.432869
Sitio183	2	3.0388487	-73.424035
Sitio184	6	3.1506197	-73.51174
Sitio185	3	3.1985838	-73.537016
Sitio186	0	3.1165588	-73.564469
Sitio187	5	3.0096161	-73.578247
Sitio188	3	3.2179172	-73.510855
Sitio189	2	3.0369745	-73.492155
Sitio190	1	3.1334416	-73.476611
Sitio191	2	2.9946408	-73.59269
Sitio192	6	3.2417971	-73.435035
Sitio193	6	3.0566069	-73.471693
Sitio194	1	3.1305689	-73.471983
Sitio195	1	3.16815	-73.526814
Sitio196	5	2.9750429	-73.532394
Sitio197	6	3.2487729	-73.535126
Sitio198	0	3.2128994	-73.539442
Sitio199	2	3.071078	-73.550112
Sitio200	6	3.0995085	-73.571104
Sitio201	0	3.095118	-73.53116
Sitio202	3	3.0879839	-73.535339
Sitio203	3	3.1147498	-73.492037
Sitio204	4	3.1649021	-73.426294
Sitio205	6	3.052353	-73.511437
Sitio206	1	3.1025609	-73.536863
Sitio207	4	3.0244601	-73.538723
Sitio208	1	3.0617093	-73.501791
Sitio209	1	3.0096031	-73.462349
Sitio210	1	3.0504764	-73.526694
Sitio211	0	2.9915483	-73.562779
Sitio212	6	3.1812371	-73.529092
Sitio213	0	3.1169145	-73.537615
Sitio214	3	3.0329898	-73.573746
Sitio215	5	3.2103559	-73.47752
Sitio216	0	3.087852	-73.521962
Sitio217	3	3.0866115	-73.509418
Sitio218	1	3.1571351	-73.509769
Sitio219	6	2.9948665	-73.521382
Sitio220	2	3.1244739	-73.580914
Sitio221	0	2.9782177	-73.441445
Sitio222	2	3.1370047	-73.497636
Sitio223	1	3.2368121	-73.441203
Sitio224	5	3.207628	-73.424863
Sitio225	3	2.9757782	-73.488623
Sitio226	3	3.0056024	-73.480744
Sitio227	6	3.1009865	-73.551205
Sitio228	1	2.9726452	-73.564336
Sitio229	3	3.1823178	-73.537131
Sitio230	3	3.188519	-73.441163
Sitio231	4	2.98943	-73.473516
Sitio232	2	3.0457005	-73.52135
Sitio233	3	3.0318135	-73.522868
Sitio234	2	3.2285454	-73.536254
Sitio235	5	3.0083053	-73.406207
Sitio236	2	3.1956011	-73.584542
Sitio237	2	2.99667	-73.43811
Sitio238	1	3.1619102	-73.460397
Sitio239	5	3.2247415	-73.569876
Sitio240	4	3.1132033	-73.478404
Sitio241	2	3.145562	-73.457386
Sitio242	1	3.0574305	-73.430415
Sitio243	3	3.1945825	-73.456835
Sitio244	2	3.0605238	-73.405969
Sitio245	6	3.0791509	-73.545048
Sitio246	6	2.9987613	-73.481227
Sitio247	4	2.999543	-73.449736
Sitio248	3	3.1348474	-73.510016
Sitio249	4	3.0597877	-73.568739
Sitio250	1	3.1112853	-73.416068
Sitio251	4	3.0544657	-73.414371
Sitio252	0	2.9953177	-73.567258
Sitio253	2	2.9982028	-73.575199
Sitio254	1	3.228904	-73.591161
Sitio255	1	2.9985862	-73.578849
Sitio256	2	3.1958177	-73.587383
Sitio257	3	3.0409848	-73.503268
Sitio258	2	3.1432595	-73.417149
Sitio259	2	3.0354324	-73.592665
Sitio260	5	3.2268652	-73.46991
Sitio261	5	3.0285558	-73.511037
Sitio262	5	3.1952263	-73.59322
Sitio263	4	3.1187639	-73.554612
Sitio264	6	3.0600939	-73.477792
Sitio265	6	3.0129457	-73.543962
Sitio266	1	3.2412788	-73.534532
Sitio267	0	3.0237515	-73.429172
Sitio268	5	3.1775043	-73.4474
Sitio269	0	3.0918603	-73.510565
Sitio270	4	3.1391993	-73.44317
Sitio271	5	3.035219	-73.412851
Sitio272	3	3.2251255	-73.46674
Sitio273	3	3.1034975	-73.479478
Sitio274	1	3.1828414	-73.525225
Sitio275	0	3.0852508	-73.423026
Sitio276	2	3.1376374	-73.404202
Sitio277	5	3.0443183	-73.464444
Sitio278	0	3.1158648	-73.54521
Sitio279	6	3.0286043	-73.504569
Sitio280	3	2.9808755	-73.508621
Sitio281	3	3.2034981	-73.587228
Sitio282	2	3.2415736	-73.539345
Sitio283	5	3.0038086	-73.57536
Sitio284	4	3.0639212	-73.473704
Sitio285	0	2.9917508	-73.561719
Sitio286	1	3.168758	-73.436407
Sitio287	5	3.179951	-73.468274
Sitio288	1	3.105665	-73.563045
Sitio289	0	3.0510013	-73.448057
Sitio290	5	3.2016327	-73.437843
Sitio291	6	3.0181796	-73.589039
Sitio292	6	3.1309316	-73.40225
Sitio293	5	3.042089	-73.480433
Sitio294	2	3.113882	-73.48832
Sitio295	2	3.0116624	-73.408036
Sitio296	0	3.0726414	-73.516731
Sitio297	2	3.1697868	-73.4015
Sitio298	6	2.9840004	-73.466567
Sitio299	5	3.1244501	-73.503132
Sitio300	2	3.1605642	-73.415247
Sitio301	1	3.1269397	-73.428013
Sitio302	5	2.976882	-73.554257
Sitio303	3	3.0048562	-73.543728
Sitio304	6	3.1137849	-73.483133
Sitio305	5	3.0728264	-73.468013
Sitio306	0	3.0988396	-73.575526
Sitio307	1	2.9635592	-73.425219
Sitio308	6	3.2409145	-73.580471
Sitio309	6	3.0534322	-73.538561
Sitio310	4	3.1024292	-73.577254
Sitio311	5	3.0568155	-73.438228
Sitio312	0	2.9886219	-73.475473
Sitio313	6	3.2461014	-73.517217
Sitio314	4	3.0927876	-73.446623
Sitio315	4	3.2410672	-73.54939
Sitio316	3	3.122707	-73.563084
Sitio317	5	2.9998474	-73.590623
Sitio318	2	3.0685269	-73.4614
Sitio319	1	3.1254174	-73.49082
Sitio320	2	3.1723557	-73.487737
Sitio321	0	3.1069222	-73.593901
Sitio322	5	3.1292579	-73.48424
Sitio323	3	3.0359165	-73.521187
Sitio324	5	3.1300988	-73.583482
Sitio325	3	3.0563339	-73.51165
Sitio326	2	2.9564602	-73.552986
Sitio327	5	3.100756	-73.49862
Sitio328	2	2.9529121	-73.542483
Sitio329	4	3.0332734	-73.401329
Sitio330	2	3.151753	-73.564818
Sitio331	3	3.2330584	-73.587353
Sitio332	2	3.2038317	-73.483878
Sitio333	3	3.157292	-73.596513
Sitio334	1	3.106859	-73.412169
Sitio335	3	3.0750067	-73.590592
Sitio336	0	2.9532577	-73.492792
Sitio337	6	3.0951766	-73.529831
Sitio338	6	2.9560205	-73.504476
Sitio339	1	2.9608967	-73.445216
Sitio340	1	3.0456987	-73.470167
Sitio341	1	3.0386824	-73.508151
Sitio342	4	3.1971029	-73.547907
Sitio343	3	3.1001896	-73.556461
Sitio344	3	3.2100546	-73.517353
Sitio345	5	2.9500973	-73.555901
Sitio346	6	2.97027	-73.422843
Sitio347	3	3.1861984	-73.460577
Sitio348	6	3.2301792	-73.523795
Sitio349	0	2.9936409	-73.410035
Sitio350	3	3.0154628	-73.572509
Sitio351	6	3.0990059	-73.460119
Sitio352	1	3.1419113	-73.559186
Sitio353	0	3.2379525	-73.549676
Sitio354	0	2.9598842	-73.467129
Sitio355	2	2.9904476	-73.464115
Sitio356	6	3.1562171	-73.477708
Sitio357	5	3.0830186	-73.537222
Sitio358	0	3.2395634	-73.536941
Sitio359	3	3.0284413	-73.530782
Sitio360	2	3.103716	-73.589004
Sitio361	4	2.9926106	-73.434561
Sitio362	1	3.0123877	-73.494724
Sitio363	6	3.2154702	-73.558065
Sitio364	1	3.1179392	-73.552363
Sitio365	5	3.1376262	-73.580744
Sitio366	1	3.1411901	-73.570034
Sitio367	5	3.2110945	-73.406384
Sitio368	6	3.0856302	-73.407546
Sitio369	4	3.1477844	-73.586503
Sitio370	2	3.1864599	-73.504124
Sitio371	1	3.079354	-73.465614
Sitio372	3	2.9690405	-73.512692
Sitio373	5	3.1945608	-73.432244
Sitio374	3	3.2288973	-73.449053
Sitio375	0	3.0247434	-73.560931
Sitio376	5	3.1622976	-73.40416
Sitio377	2	3.1365228	-73.447392
Sitio378	3	3.0514231	-73.494086
Sitio379	1	3.1935577	-73.558763
Sitio380	2	3.1280235	-73.517038
Sitio381	3	3.0173988	-73.457937
Sitio382	2	2.9850028	-73.484207
Sitio383	5	3.1403094	-73.564285
Sitio384	4	3.0645532	-73.540122
Sitio385	1	3.1393181	-73.472349
Sitio386	5	3.1270461	-73.572505
Sitio387	6	2.9901903	-73.426028
Sitio388	5	2.998583	-73.577822
Sitio389	6	3.0646262	-73.512435
Sitio390	1	3.0256399	-73.516749
Sitio391	4	3.1642715	-73.463684
Sitio392	6	3.0851074	-73.485913
Sitio393	6	3.1968952	-73.406591
Sitio394	2	3.1282879	-73.52363
Sitio395	0	3.2197745	-73.50209
Sitio396	4	3.062034	-73.494287
Sitio397	3	3.0266395	-73.503461
Sitio398	4	3.1188999	-73.50984
Sitio399	2	3.1534346	-73.536703
Sitio400	0	3.0229488	-73.533169
Sitio401	0	3.1627515	-73.580541
Sitio402	0	3.146799	-73.419991
Sitio403	2	3.0301831	-73.559533
Sitio404	1	2.9505149	-73.507083
Sitio405	0	3.058215	-73.469596
Sitio406	1	3.1142847	-73.491898
Sitio407	5	2.9750245	-73.589092
Sitio408	6	3.011236	-73.545449
Sitio409	2	3.1597217	-73.586382
Sitio410	2	3.0676975	-73.536138
Sitio411	4	3.2441468	-73.450943
Sitio412	0	3.0860175	-73.484965
Sitio413	5	3.1872505	-73.579913
Sitio414	3	3.0191515	-73.444293
Sitio415	1	3.1390274	-73.44453
Sitio416	0	3.1504083	-73.456689
Sitio417	2	3.110388	-73.500511
Sitio418	0	3.04162	-73.444183
Sitio419	6	3.1846634	-73.581394
Sitio420	1	3.0347773	-73.458802
Sitio421	5	3.0920982	-73.530108
Sitio422	4	3.2157756	-73.504284
Sitio423	2	3.2297078	-73.548708
Sitio424	0	3.0803286	-73.481502
Sitio425	1	3.0753762	-73.53118
Sitio426	5	3.0104523	-73.581272
Sitio427	4	3.1157712	-73.424419
Sitio428	4	3.1752704	-73.568259
Sitio429	6	3.1681386	-73.553234
Sitio430	3	3.0823695	-73.469383
Sitio431	2	3.1687582	-73.445249
Sitio432	4	3.1124005	-73.449372
Sitio433	5	3.0462763	-73.499599
Sitio434	3	3.0476492	-73.466609
Sitio435	2	3.1542318	-73.524901
Sitio436	4	2.9782056	-73.423542
Sitio437	3	2.9665618	-73.438552
Sitio438	2	3.2396967	-73.40352
Sitio439	6	3.2029437	-73.456603
Sitio440	1	2.9967656	-73.545519
Sitio441	1	3.2351282	-73.425752
Sitio442	5	3.1141722	-73.554238
Sitio443	3	2.9570229	-73.448818
Sitio444	4	3.0338903	-73.568505
Sitio445	4	2.9913644	-73.597652
Sitio446	6	3.0921912	-73.524239
Sitio447	4	3.0418837	-73.551509
Sitio448	5	3.218301	-73.516454
Sitio449	6	3.1786438	-73.461872
Sitio450	4	3.0691425	-73.596949
Sitio451	5	3.11934	-73.560406
Sitio452	6	3.0519329	-73.572708
Sitio453	3	2.9544091	-73.508155
Sitio454	3	3.1002956	-73.472705
Sitio455	0	3.1258274	-73.574532
Sitio456	2	3.0392688	-73.484749
Sitio457	2	3.1936693	-73.421749
Sitio458	1	3.18764	-73.56578
Sitio459	6	3.0290629	-73.461261
Sitio460	3	2.9768126	-73.442505
Sitio461	0	3.1779394	-73.590765
Sitio462	5	2.9831645	-73.402696
Sitio463	2	3.1814788	-73.489011
Sitio464	1	3.0439356	-73.513245
Sitio465	6	3.2161647	-73.436343
Sitio466	5	2.9912749	-73.577991
Sitio467	0	3.1171302	-73.574033
Sitio468	2	2.963681	-73.483384
Sitio469	4	3.0117536	-73.590023
Sitio470	3	3.1920396	-73.412494
Sitio471	2	3.2165967	-73.421848
Sitio472	4	3.1605487	-73.544144
Sitio473	0	3.11867	-73.590162
Sitio474	4	2.9547887	-73.530935
Sitio475	2	3.2046493	-73.50514
Sitio476	6	3.2212077	-73.448988
Sitio477	1	3.0814764	-73.505737
Sitio478	5	3.152895	-73.565431
Sitio479	0	3.0240168	-73.530513
Sitio480	0	3.107031	-73.560243
Sitio481	1	3.2314405	-73.409956
Sitio482	1	3.1897875	-73.450367
Sitio483	5	3.2138493	-73.540582
Sitio484	4	3.1011169	-73.421711
Sitio485	2	3.0502257	-73.414103
Sitio486	5	3.2320826	-73.499933
Sitio487	4	3.0594682	-73.586062
Sitio488	6	3.1973914	-73.448897
Sitio489	2	3.1957055	-73.474408
Sitio490	6	3.1148153	-73.433529
Sitio491	4	3.1665628	-73.512037
Sitio492	2	2.9844859	-73.52512
Sitio493	2	3.0193767	-73.452353
Sitio494	5	3.025203	-73.527113
Sitio495	4	3.0205478	-73.558492
Sitio496	1	3.0636211	-73.489948
Sitio497	0	3.2488428	-73.572416
Sitio498	6	3.1104645	-73.503897
Sitio499	1	3.0327029	-73.496297
Sitio500	4	3.1712949	-73.462995
Sitio501	6	3.1432488	-73.498501
Sitio502	0	2.9577819	-73.411641
Sitio503	4	3.051404	-73.525168
Sitio504	2	3.0883073	-73.454536
Sitio505	5	2.9635956	-73.42501
Sitio506	4	3.0263551	-73.407388
Sitio507	0	3.0061373	-73.480326
Sitio508	3	3.2282603	-73.552033
Sitio509	1	2.9504428	-73.591547
Sitio510	6	2.9515728	-73.419447
Sitio511	4	3.0822279	-73.463919
Sitio512	2	2.9746143	-73.489325
Sitio513	2	3.1722524	-73.462385
Sitio514	3	3.2276037	-73.43021
Sitio515	4	2.9515981	-73.450175
Sitio516	1	3.2285586	-73.431798
Sitio517	5	3.1730254	-73.539152
Sitio518	3	2.9976594	-73.445118
Sitio519	5	3.0112057	-73.454001
Sitio520	5	3.0385673	-73.599372
Sitio521	1	3.2261299	-73.496448
Sitio522	0	3.1472324	-73.418814
Sitio523	5	2.9649191	-73.557646
Sitio524	2	3.2014888	-73.446664
Sitio525	0	3.0608638	-73.431015
Sitio526	3	3.0903959	-73.410498
Sitio527	0	3.07725	-73.552509
Sitio528	4	3.1705956	-73.414894
Sitio529	6	3.0032132	-73.568864
Sitio530	2	2.9851046	-73.505016
Sitio531	0	3.1682774	-73.553427
Sitio532	4	3.1828857	-73.525422
Sitio533	2	3.0780646	-73.452477
Sitio534	3	3.0976922	-73.446317
Sitio535	2	3.0031922	-73.537648
Sitio536	0	2.9974759	-73.423524
Sitio537	6	3.0467278	-73.447913
Sitio538	1	3.1219712	-73.407216
Sitio539	6	3.0481612	-73.480978
Sitio540	0	3.2167372	-73.44707
Sitio541	0	3.0963785	-73.529962
Sitio542	2	3.0604944	-73.551614
Sitio543	3	2.9681722	-73.475176
Sitio544	4	3.2020013	-73.457527
Sitio545	4	3.2434266	-73.433921
Sitio546	3	3.2281861	-73.449148
Sitio547	3	3.0780189	-73.557152
Sitio548	2	3.2197893	-73.493302
Sitio549	3	3.0515078	-73.4195
Sitio550	5	3.0174244	-73.521506
Sitio551	1	3.1703471	-73.583776
Sitio552	0	3.1220627	-73.44946
Sitio553	4	3.1891702	-73.578972
Sitio554	2	3.0808734	-73.54236
Sitio555	1	3.2226761	-73.550462
Sitio556	1	3.0250334	-73.425496
Sitio557	1	3.226962	-73.478991
Sitio558	5	3.1006645	-73.470151
Sitio559	2	3.1634505	-73.451106
Sitio560	4	3.1174797	-73.588505
Sitio561	1	3.2202491	-73.483813
Sitio562	4	2.9907288	-73.492863
Sitio563	3	3.2363957	-73.492643
Sitio564	1	3.0294726	-73.439828
Sitio565	3	3.2148152	-73.436432
Sitio566	0	3.0730035	-73.443277
Sitio567	0	3.228224	-73.537545
Sitio568	0	3.1469039	-73.535059
Sitio569	1	3.1644887	-73.597882
Sitio570	5	3.2277395	-73.441257
Sitio571	1	3.2103522	-73.560191
Sitio572	0	3.1914711	-73.515257
Sitio573	2	3.036011	-73.462053
Sitio574	3	3.1454426	-73.540815
Sitio575	5	3.1676772	-73.478657
Sitio576	0	2.9551788	-73.541474
Sitio577	0	3.1838654	-73.547577
Sitio578	4	2.9751934	-73.449373
Sitio579	3	3.2169138	-73.59999
Sitio580	0	3.1035257	-73.463099
Sitio581	4	3.0960101	-73.540493
Sitio582	4	3.0069893	-73.42211
Sitio583	1	2.9997861	-73.581909
Sitio584	3	3.2262467	-73.48942
Sitio585	4	3.2359638	-73.444613
Sitio586	0	3.2337145	-73.509885
Sitio587	3	2.9798145	-73.465382
Sitio588	5	3.1658053	-73.444178
Sitio589	6	3.1401026	-73.463053
Sitio590	5	3.0032221	-73.564089
Sitio591	3	3.1783012	-73.584436
Sitio592	1	2.9544226	-73.530524
Sitio593	4	3.0474221	-73.435883
Sitio594	1	3.2400343	-73.509436
Sitio595	5	3.1295008	-73.506799
Sitio596	3	2.9522658	-73.516486
Sitio597	1	3.1318819	-73.500533
Sitio598	6	3.070851	-73.50182
Sitio599	5	2.9765987	-73.498503
Sitio600	2	3.0770707	-73.568711
Sitio601	4	3.083568	-73.447612
Sitio602	5	3.225887	-73.558467
Sitio603	6	3.0605054	-73.590621
Sitio604	2	3.2182168	-73.548793
Sitio605	2	3.161437	-73.434872
Sitio606	1	3.0049165	-73.52244
Sitio607	5	3.0072871	-73.571273
Sitio608	4	3.1949104	-73.579336
Sitio609	6	3.1926402	-73.495765
Sitio610	3	3.1868326	-73.510233
Sitio611	5	3.0052361	-73.44315
Sitio612	4	3.188548	-73.533254
Sitio613	1	3.1073483	-73.471266
Sitio614	0	3.1869077	-73.442116
Sitio615	0	3.1536473	-73.497623
Sitio616	5	3.1523997	-73.59259
Sitio617	0	3.0230222	-73.592034
Sitio618	6	3.1966031	-73.550619
Sitio619	5	3.2469399	-73.498355
Sitio620	0	3.1616722	-73.456618
Sitio621	3	3.0213084	-73.462495
Sitio622	3	3.1048458	-73.455242
Sitio623	6	3.1281544	-73.550059
Sitio624	1	2.96495	-73.40041
Sitio625	0	3.2485324	-73.500452
Sitio626	2	3.064375	-73.56223
Sitio627	1	3.1422476	-73.539447
Sitio628	3	3.2486971	-73.423726
Sitio629	6	3.2403685	-73.544922
Sitio630	4	3.1717476	-73.535304
Sitio631	4	3.0477464	-73.496886
Sitio632	5	3.1139547	-73.511041
Sitio633	2	2.9719373	-73.514566
Sitio634	3	3.0149432	-73.591759
Sitio635	4	3.2076329	-73.439545
Sitio636	5	3.1812116	-73.524486
Sitio637	1	3.1294262	-73.535758
Sitio638	2	3.0092473	-73.417096
Sitio639	4	3.1506253	-73.473016
Sitio640	2	3.2324123	-73.492193
Sitio641	5	2.981226	-73.437098
Sitio642	3	3.0812233	-73.526517
Sitio643	0	3.0935501	-73.599424
Sitio644	5	3.0629765	-73.403537
Sitio645	3	2.9731295	-73.456165
Sitio646	5	3.0490248	-73.588379
Sitio647	4	3.058529	-73.586057
Sitio648	2	3.194898	-73.501871
Sitio649	5	3.0228752	-73.401841
Sitio650	5	2.9688151	-73.406402
Sitio651	5	3.0883815	-73.447318
Sitio652	3	3.2207865	-73.438088
Sitio653	1	3.1017716	-73.499363
Sitio654	3	3.1683083	-73.445872
Sitio655	0	3.2182976	-73.475109
Sitio656	3	3.0849366	-73.598577
Sitio657	3	3.1107143	-73.530593
Sitio658	2	3.037271	-73.421751
Sitio659	0	3.0433234	-73.573949
Sitio660	5	3.0359055	-73.424463
Sitio661	3	3.1269532	-73.51814
Sitio662	5	2.9596678	-73.419305
Sitio663	0	3.1702547	-73.508109
Sitio664	0	3.2286295	-73.428349
Sitio665	3	2.9994547	-73.431636
Sitio666	5	3.215571	-73.410121
Sitio667	2	3.2245632	-73.40808
Sitio668	5	3.0677184	-73.577414
Sitio669	3	3.0492422	-73.539211
Sitio670	1	3.0469451	-73.450849
Sitio671	3	2.9567095	-73.410523
Sitio672	3	3.1607523	-73.43278
Sitio673	0	3.1368488	-73.429638
Sitio674	3	3.2350674	-73.560268
Sitio675	0	2.9885008	-73.508836
Sitio676	2	3.0823518	-73.599395
Sitio677	5	2.9986977	-73.404543
Sitio678	5	3.1759986	-73.514154
Sitio679	1	3.2041114	-73.462667
Sitio680	1	3.2119887	-73.484226
Sitio681	0	3.1969705	-73.509953
Sitio682	3	3.222588	-73.430101
Sitio683	5	3.1296687	-73.523255
Sitio684	6	3.2088266	-73.445133
Sitio685	2	3.1831079	-73.519089
Sitio686	1	3.0392498	-73.476172
Sitio687	6	3.0257365	-73.466726
Sitio688	6	3.0339833	-73.547165
Sitio689	3	3.248174	-73.563833
Sitio690	0	3.1889713	-73.536934
Sitio691	0	3.0506794	-73.406584
Sitio692	3	2.9772178	-73.515794
Sitio693	6	2.9709678	-73.414566
Sitio694	1	3.1263255	-73.447124
Sitio695	1	3.1420117	-73.484663
Sitio696	4	3.1121242	-73.436119
Sitio697	0	3.2195911	-73.537125
Sitio698	3	3.045969	-73.445324
Sitio699	0	3.0598341	-73.514001
Sitio700	4	3.0144042	-73.487705
Sitio701	3	3.0272525	-73.563611
Sitio702	5	3.0616473	-73.574597
Sitio703	0	3.202226	-73.401678
Sitio704	6	3.0599578	-73.446396
Sitio705	2	3.033103	-73.489256
Sitio706	1	2.9857236	-73.418846
Sitio707	3	3.0015092	-73.589085
Sitio708	4	3.2242053	-73.411486
Sitio709	0	3.165878	-73.577095
Sitio710	6	3.1865815	-73.546161
Sitio711	1	3.009759	-73.514199
Sitio712	4	3.2400454	-73.594452
Sitio713	0	2.9601393	-73.442868
Sitio714	5	3.19799	-73.459007
Sitio715	5	2.9645969	-73.405115
Sitio716	2	3.1714364	-73.456353
Sitio717	5	2.9862566	-73.447084
Sitio718	0	3.0059527	-73.443546
Sitio719	1	3.1714897	-73.448034
Sitio720	5	2.9793152	-73.588009
Sitio721	0	3.1144966	-73.572609
Sitio722	2	2.9680747	-73.430316
Sitio723	6	3.2147794	-73.540593
Sitio724	6	3.1823374	-73.54779
Sitio725	1	3.126836	-73.425091
Sitio726	2	3.046896	-73.44229
Sitio727	1	3.0412483	-73.567278
Sitio728	5	3.0176196	-73.48637
Sitio729	3	3.0638643	-73.44606
Sitio730	3	2.9731166	-73.572347
Sitio731	1	3.0341533	-73.481593
Sitio732	6	2.9966658	-73.410332
Sitio733	6	3.1050471	-73.579766
Sitio734	5	3.0918842	-73.539949
Sitio735	4	3.1210792	-73.589988
Sitio736	5	3.2267756	-73.478711
Sitio737	4	3.0779356	-73.531687
Sitio738	0	3.1989202	-73.420739
Sitio739	3	3.1674078	-73.469651
Sitio740	5	3.1305925	-73.416498
Sitio741	2	3.0931399	-73.588239
Sitio742	2	2.9705443	-73.420594
Sitio743	3	3.0631984	-73.561703
Sitio744	0	3.2158073	-73.410729
Sitio745	4	3.0882196	-73.552787
Sitio746	4	3.1355096	-73.559119
Sitio747	1	3.1922192	-73.573891
Sitio748	3	3.0495943	-73.573055
Sitio749	4	3.2406622	-73.477398
Sitio750	1	3.1868237	-73.434122
Sitio751	1	3.1330907	-73.489771
Sitio752	0	3.0224764	-73.539285
Sitio753	6	3.245346	-73.520759
Sitio754	6	3.1018796	-73.568245
Sitio755	2	3.0733831	-73.570061
Sitio756	3	3.0774428	-73.516557
Sitio757	0	3.1447815	-73.418833
Sitio758	4	3.011535	-73.454028
Sitio759	5	3.0207253	-73.594773
Sitio760	5	3.240659	-73.596628
Sitio761	1	3.2257989	-73.441182
Sitio762	4	2.9804952	-73.457922
Sitio763	5	3.0434584	-73.455508
Sitio764	1	3.1941803	-73.400859
Sitio765	1	3.0669672	-73.457072
Sitio766	1	2.9811663	-73.406169
Sitio767	6	3.1157876	-73.464229
Sitio768	2	3.1877231	-73.55091
Sitio769	4	3.1798531	-73.431865
Sitio770	2	3.1899492	-73.540238
Sitio771	5	2.9661159	-73.596069
Sitio772	1	2.9906702	-73.465703
Sitio773	6	3.0031791	-73.462612
Sitio774	1	3.2346447	-73.586109
Sitio775	4	3.2325862	-73.458912
Sitio776	3	3.0763168	-73.447892
Sitio777	0	3.0388209	-73.568782
Sitio778	2	3.2341415	-73.560571
Sitio779	1	3.2092165	-73.473408
Sitio780	6	3.1581236	-73.538464
Sitio781	2	3.1201272	-73.590847
Sitio782	3	3.0757168	-73.424068
Sitio783	5	3.2249791	-73.491544
Sitio784	3	3.0281559	-73.454759
Sitio785	3	3.002949	-73.452528
Sitio786	5	3.0358875	-73.422986
Sitio787	4	3.1979447	-73.553672
Sitio788	4	3.1593377	-73.411568
Sitio789	3	3.202907	-73.50027
Sitio790	6	3.0819546	-73.479339
Sitio791	1	3.06249	-73.454321
Sitio792	6	3.2065799	-73.541645
Sitio793	1	3.2226773	-73.429634
Sitio794	5	3.170684	-73.433875
Sitio795	4	3.2006349	-73.493632
Sitio796	0	3.2342481	-73.545938
Sitio797	2	3.1579388	-73.546961
Sitio798	6	3.0711361	-73.475848
Sitio799	5	3.1834565	-73.506714
Sitio800	6	3.1064065	-73.502317
Sitio801	2	3.2469846	-73.462517
Sitio802	2	3.0749562	-73.518011
Sitio803	1	3.0948218	-73.470418
Sitio804	2	2.985807	-73.542493
Sitio805	3	3.1236454	-73.423516
Sitio806	2	3.1441781	-73.533948
Sitio807	2	3.040359	-73.550736
Sitio808	3	3.1677241	-73.593249
Sitio809	0	3.0370309	-73.479373
Sitio810	6	3.1029772	-73.473254
Sitio811	1	3.083295	-73.500096
Sitio812	6	3.0788215	-73.414545
Sitio813	1	3.1022801	-73.467483
Sitio814	0	3.1527663	-73.434659
Sitio815	1	3.1439549	-73.470758
Sitio816	1	3.1676388	-73.585146
Sitio817	4	3.0761937	-73.422084
Sitio818	0	3.2360524	-73.456561
Sitio819	1	2.9524228	-73.598768
Sitio820	1	3.0967283	-73.506903
Sitio821	3	3.0743996	-73.421971
Sitio822	5	3.0366652	-73.484918
Sitio823	6	3.1647801	-73.590948
Sitio824	2	3.1150927	-73.457855
Sitio825	0	3.1626109	-73.492652
Sitio826	4	3.0979559	-73.553354
Sitio827	6	3.1094913	-73.549622
Sitio828	0	3.2266666	-73.422754
Sitio829	4	3.0700496	-73.531443
Sitio830	5	3.1293322	-73.436659
Sitio831	0	3.1917309	-73.580285
Sitio832	1	3.1525999	-73.469882
Sitio833	3	3.1998766	-73.517535
Sitio834	2	3.2059961	-73.592287
Sitio835	6	3.1314612	-73.481393
Sitio836	2	3.2498764	-73.584341
Sitio837	2	2.9733823	-73.59881
Sitio838	3	2.9610729	-73.434313
Sitio839	6	3.0939422	-73.496015
Sitio840	2	3.2205928	-73.542535
Sitio841	4	3.0737447	-73.466306
Sitio842	6	3.2098104	-73.453196
Sitio843	3	3.0547141	-73.565416
Sitio844	0	3.0954486	-73.404992
Sitio845	1	2.9879786	-73.519152
Sitio846	6	3.0810409	-73.41406
Sitio847	3	3.0526161	-73.488848
Sitio848	1	3.1850041	-73.411346
Sitio849	2	3.1004758	-73.587352
Sitio850	4	3.1489917	-73.545037
Sitio851	2	2.9859842	-73.443739
Sitio852	0	3.1749865	-73.467757
Sitio853	4	2.9829779	-73.534171
Sitio854	2	3.1952424	-73.508364
Sitio855	2	3.2039762	-73.472987
Sitio856	3	3.2480169	-73.50039
Sitio857	1	3.0180553	-73.545207
Sitio858	0	2.9887487	-73.553885
Sitio859	3	3.2044039	-73.443534
Sitio860	4	2.9723271	-73.46305
Sitio861	1	3.1519752	-73.466428
Sitio862	5	3.0435639	-73.510872
Sitio863	0	3.1598225	-73.554628
Sitio864	1	3.2280952	-73.580768
Sitio865	6	3.0637911	-73.497444
Sitio866	1	3.1379371	-73.468928
Sitio867	5	3.0226833	-73.421183
Sitio868	4	3.249743	-73.423925
Sitio869	6	3.1450635	-73.41223
Sitio870	6	3.178578	-73.526811
Sitio871	6	3.2240969	-73.506773
Sitio872	1	3.0374393	-73.599393
Sitio873	2	3.0947714	-73.451316
Sitio874	3	2.9902777	-73.405647
Sitio875	3	3.1724919	-73.543014
Sitio876	6	3.0689321	-73.453163
Sitio877	1	3.199022	-73.498744
Sitio878	4	3.0094418	-73.425996
Sitio879	3	3.1587118	-73.431975
Sitio880	4	2.9705777	-73.523072
Sitio881	6	3.1887801	-73.58357
Sitio882	0	2.9934682	-73.455697
Sitio883	2	3.1475387	-73.505726
Sitio884	3	2.9668091	-73.471621
Sitio885	0	3.1684368	-73.430305
Sitio886	1	3.1582556	-73.44033
Sitio887	6	2.9919063	-73.522529
Sitio888	0	2.9974489	-73.426856
Sitio889	0	3.0407445	-73.521056
Sitio890	2	3.1360647	-73.449902
Sitio891	4	3.1480651	-73.424026
Sitio892	0	3.173516	-73.555475
Sitio893	0	3.0304151	-73.434559
Sitio894	5	2.9832326	-73.466869
Sitio895	2	3.2144106	-73.420116
Sitio896	2	2.9883258	-73.472119
Sitio897	5	3.1759276	-73.470722
Sitio898	0	2.9827902	-73.51253
Sitio899	2	3.2019719	-73.461441
Sitio900	6	3.1693017	-73.551457
Sitio901	4	3.1542386	-73.482556
Sitio902	4	3.0649555	-73.56996
Sitio903	4	2.9703425	-73.47898
Sitio904	2	3.0408705	-73.489103
Sitio905	3	2.9894118	-73.506471
Sitio906	2	2.9849511	-73.468408
Sitio907	6	2.9864118	-73.431842
Sitio908	5	3.0758837	-73.51192
Sitio909	2	3.1470902	-73.444867
Sitio910	6	3.0048789	-73.537518
Sitio911	3	3.1345107	-73.445186
Sitio912	2	3.182663	-73.510659
Sitio913	0	2.9559559	-73.494579
Sitio914	3	3.0557307	-73.567808
Sitio915	3	3.1502025	-73.463139
Sitio916	0	2.9840318	-73.596511
Sitio917	2	3.1371906	-73.5189
Sitio918	6	2.964274	-73.518183
Sitio919	4	2.9887335	-73.492452
Sitio920	3	3.090847	-73.575436
Sitio921	1	3.010584	-73.583213
Sitio922	5	3.1328803	-73.548827
Sitio923	0	2.9747259	-73.553711
Sitio924	6	3.0462723	-73.440322
Sitio925	6	2.9583234	-73.417355
Sitio926	5	3.1270652	-73.597859
Sitio927	1	3.0315061	-73.58391
Sitio928	5	3.1330804	-73.46986
Sitio929	4	3.0800771	-73.453081
Sitio930	4	3.2496528	-73.52708
Sitio931	0	2.9868038	-73.430231
Sitio932	2	3.1207602	-73.413819
Sitio933	0	3.0629144	-73.584475
Sitio934	0	3.1530873	-73.596814
Sitio935	4	3.1282504	-73.462712
Sitio936	5	3.0638769	-73.428008
Sitio937	3	3.2385865	-73.548949
Sitio938	2	3.0257738	-73.462417
Sitio939	4	2.9753722	-73.430309
Sitio940	1	3.0834818	-73.573832
Sitio941	6	3.2305408	-73.497695
Sitio942	0	2.961176	-73.48063
Sitio943	6	3.2048604	-73.403277
Sitio944	3	3.2178999	-73.420672
Sitio945	1	2.9743825	-73.437524
Sitio946	4	3.2297505	-73.530492
Sitio947	0	3.0941401	-73.411026
Sitio948	0	3.2059282	-73.514773
Sitio949	4	3.0991299	-73.429075
Sitio950	0	3.1498871	-73.553608
Sitio951	6	3.0957858	-73.590372
Sitio952	3	3.2286656	-73.580769
Sitio953	3	3.0245278	-73.556586
Sitio954	3	3.1358641	-73.434429
Sitio955	0	3.0610731	-73.549582
Sitio956	3	3.0857658	-73.576537
Sitio957	4	3.0311216	-73.511421
Sitio958	3	2.977503	-73.49964
Sitio959	6	3.2087307	-73.447429
Sitio960	6	3.0733924	-73.498046
Sitio961	4	3.0850853	-73.563058
Sitio962	0	3.2331462	-73.486587
Sitio963	1	2.9636994	-73.554693
Sitio964	3	2.9531988	-73.515301
Sitio965	0	3.0818624	-73.495094
Sitio966	0	3.0903186	-73.450156
Sitio967	2	3.2398812	-73.536081
Sitio968	4	3.1469579	-73.43801
Sitio969	1	2.9738853	-73.537108
Sitio970	5	2.9871194	-73.583592
Sitio971	3	3.2268032	-73.443489
Sitio972	0	2.9615343	-73.461119
Sitio973	1	3.1112219	-73.490214
Sitio974	5	3.217503	-73.566528
Sitio975	3	2.9975778	-73.539848
Sitio976	3	2.952579	-73.490337
Sitio977	6	2.9807416	-73.53412
Sitio978	3	3.0573912	-73.422514
Sitio979	0	3.1478351	-73.5305
Sitio980	5	2.9742961	-73.598249
Sitio981	4	3.1822289	-73.544058
Sitio982	3	3.1485068	-73.588096
Sitio983	5	3.0184482	-73.540462
Sitio984	5	3.1277687	-73.552208
Sitio985	2	3.24426	-73.473881
Sitio986	0	3.0502749	-73.544426
Sitio987	4	3.1623755	-73.481057
Sitio988	5	3.2052991	-73.598621
Sitio989	2	3.2252372	-73.448353
Sitio990	2	2.9544494	-73.400565
Sitio991	2	3.0947326	-73.431153
Sitio992	6	3.171584	-73.508369
Sitio993	3	3.0300737	-73.53534
Sitio994	4	3.0957904	-73.521489
Sitio995	3	3.0476962	-73.506913
Sitio996	5	2.9875253	-73.482569
Sitio997	4	3.1429887	-73.448744
Sitio998	0	3.2181097	-73.437233
Sitio999	3	2.9764537	-73.433338
