300	6		
Sitio1	5	3.0035847	-73.440548
Sitio2	2	3.1345329	-73.495269
Sitio3	2	3.2414408	-73.472408
Sitio4	5	3.0213719	-73.473292
Sitio5	2	3.0497437	-73.571288
Sitio6	1	3.0230395	-73.57455
Sitio7	5	2.9696883	-73.552495
Sitio8	2	2.9767617	-73.548345
Sitio9	4	3.0159239	-73.42606
Sitio10	0	3.1009282	-73.47825
Sitio11	2	2.9916688	-73.409821
Sitio12	5	3.1722707	-73.530673
Sitio13	4	2.9901312	-73.495756
Sitio14	6	3.0371826	-73.515373
Sitio15	3	3.2457259	-73.431468
Sitio16	1	3.0982734	-73.436972
Sitio17	6	3.2016707	-73.567505
Sitio18	1	3.141035	-73.496743
Sitio19	0	3.0664748	-73.562659
Sitio20	1	2.9921468	-73.440265
Sitio21	6	3.1266231	-73.593584
Sitio22	5	3.1250716	-73.498288
Sitio23	1	3.2330245	-73.426141
Sitio24	3	3.0973258	-73.574656
Sitio25	6	3.1097072	-73.497734
Sitio26	5	3.1594047	-73.442043
Sitio27	2	3.2432967	-73.441786
Sitio28	3	3.1205129	-73.581262
Sitio29	6	3.2052807	-73.59153
Sitio30	5	3.0585114	-73.495573
Sitio31	5	2.9666002	-73.459944
Sitio32	4	3.2457256	-73.543386
Sitio33	2	3.0031183	-73.58252
Sitio34	3	3.1284335	-73.578007
Sitio35	0	3.0390281	-73.48594
Sitio36	2	3.0501729	-73.461663
Sitio37	1	3.1794386	-73.47673
Sitio38	3	3.189566	-73.467406
Sitio39	4	3.1752828	-73.516675
Sitio40	3	3.0043919	-73.599259
Sitio41	5	3.225004	-73.545106
Sitio42	5	3.171568	-73.443119
Sitio43	4	2.9523681	-73.484051
Sitio44	4	3.1049726	-73.537709
Sitio45	4	3.2087686	-73.512212
Sitio46	1	3.145788	-73.520263
Sitio47	4	3.1411434	-73.567615
Sitio48	6	3.0383001	-73.478204
Sitio49	4	3.1271047	-73.596263
Sitio50	1	3.1392197	-73.556316
Sitio51	5	3.2485748	-73.466243
Sitio52	2	3.0527009	-73.514239
Sitio53	2	3.2236563	-73.404318
Sitio54	2	3.2380755	-73.441543
Sitio55	5	3.2070017	-73.593518
Sitio56	3	3.0290478	-73.546862
Sitio57	3	2.9919619	-73.48303
Sitio58	3	3.0824994	-73.440222
Sitio59	6	3.2338663	-73.433065
Sitio60	3	3.0075212	-73.483241
Sitio61	6	3.1690261	-73.560634
Sitio62	4	3.0569578	-73.412512
Sitio63	1	2.99284	-73.584878
Sitio64	0	3.1227291	-73.581304
Sitio65	3	3.037083	-73.513516
Sitio66	1	3.1940944	-73.445425
Sitio67	6	3.1056281	-73.558613
Sitio68	4	3.1247446	-73.557797
Sitio69	4	3.1270143	-73.465174
Sitio70	5	3.1707622	-73.593874
Sitio71	3	3.181069	-73.550751
Sitio72	3	3.1959051	-73.552512
Sitio73	1	2.986997	-73.520836
Sitio74	0	3.0554343	-73.406774
Sitio75	1	2.985267	-73.429216
Sitio76	1	2.9648376	-73.520155
Sitio77	2	3.1718554	-73.533995
Sitio78	4	3.2201862	-73.561017
Sitio79	4	3.1032587	-73.527324
Sitio80	4	3.1540006	-73.494439
Sitio81	3	3.1690895	-73.487105
Sitio82	5	3.092614	-73.541873
Sitio83	4	3.0632351	-73.432588
Sitio84	3	2.9671853	-73.547841
Sitio85	6	3.1203572	-73.463816
Sitio86	5	3.1774761	-73.423486
Sitio87	1	3.1881429	-73.416121
Sitio88	2	3.2203017	-73.561754
Sitio89	2	3.0785386	-73.447112
Sitio90	0	3.0790042	-73.469536
Sitio91	6	3.2445318	-73.471207
Sitio92	0	3.1246642	-73.563025
Sitio93	3	3.2420844	-73.436929
Sitio94	6	3.2236283	-73.481892
Sitio95	2	3.0770896	-73.471269
Sitio96	6	3.1661597	-73.435348
Sitio97	5	3.0687071	-73.565457
Sitio98	3	2.9994227	-73.442551
Sitio99	1	3.194514	-73.56187
Sitio100	4	3.1874584	-73.531211
Sitio101	5	3.094989	-73.509579
Sitio102	2	3.0669288	-73.542329
Sitio103	2	3.1616711	-73.452706
Sitio104	5	3.0056361	-73.559976
Sitio105	2	3.1184125	-73.420938
Sitio106	5	3.1492664	-73.499603
Sitio107	5	3.070434	-73.563637
Sitio108	1	3.0751816	-73.597381
Sitio109	5	3.1810001	-73.459623
Sitio110	1	3.0228528	-73.414436
Sitio111	0	3.1251619	-73.511382
Sitio112	5	2.9956851	-73.571616
Sitio113	6	3.0684098	-73.58656
Sitio114	2	3.0984837	-73.479457
Sitio115	6	3.0783728	-73.423965
Sitio116	4	3.0445082	-73.437007
Sitio117	4	3.2194651	-73.530148
Sitio118	4	3.0447911	-73.410947
Sitio119	6	3.1894147	-73.487176
Sitio120	5	3.0912965	-73.566733
Sitio121	0	3.0028806	-73.592567
Sitio122	5	3.062978	-73.470322
Sitio123	6	3.2098531	-73.402178
Sitio124	1	3.1791197	-73.403947
Sitio125	3	3.0055598	-73.453196
Sitio126	6	3.1897219	-73.400236
Sitio127	3	3.1918917	-73.438173
Sitio128	0	3.0149176	-73.519754
Sitio129	6	3.1699775	-73.499179
Sitio130	2	3.0817744	-73.561419
Sitio131	2	3.0163801	-73.509306
Sitio132	3	3.1402103	-73.511747
Sitio133	6	2.9612089	-73.485794
Sitio134	3	2.9911471	-73.547202
Sitio135	5	3.0750291	-73.49541
Sitio136	3	3.2235066	-73.50965
Sitio137	1	2.9725467	-73.400134
Sitio138	3	3.2375569	-73.5832
Sitio139	1	3.1914313	-73.491714
Sitio140	3	3.2159968	-73.401358
Sitio141	4	3.2235807	-73.5145
Sitio142	5	2.9902636	-73.480642
Sitio143	2	3.2445829	-73.527202
Sitio144	2	3.0244253	-73.578514
Sitio145	3	3.1885993	-73.485981
Sitio146	5	3.17241	-73.581639
Sitio147	6	3.2090647	-73.450543
Sitio148	6	3.087046	-73.476575
Sitio149	0	3.0838356	-73.469313
Sitio150	2	3.2291302	-73.515016
Sitio151	3	3.0062759	-73.529952
Sitio152	1	3.1810177	-73.486592
Sitio153	2	3.2379716	-73.490888
Sitio154	1	3.1872938	-73.507268
Sitio155	3	3.0510124	-73.514188
Sitio156	5	3.2380709	-73.569295
Sitio157	2	3.1965636	-73.573388
Sitio158	0	3.0441691	-73.595076
Sitio159	6	2.9520037	-73.407243
Sitio160	1	3.0384814	-73.522562
Sitio161	1	2.9998652	-73.464768
Sitio162	2	2.9815056	-73.518451
Sitio163	4	3.1892233	-73.470215
Sitio164	5	3.2356458	-73.416303
Sitio165	0	2.995992	-73.560739
Sitio166	3	3.0009776	-73.56041
Sitio167	5	3.0193408	-73.586028
Sitio168	0	3.0139788	-73.557813
Sitio169	3	3.103334	-73.525768
Sitio170	3	2.9636194	-73.454012
Sitio171	1	3.0392326	-73.504686
Sitio172	1	3.0569999	-73.422218
Sitio173	6	3.007326	-73.483998
Sitio174	5	2.9765792	-73.52418
Sitio175	1	3.0523417	-73.559948
Sitio176	2	2.9814729	-73.491142
Sitio177	2	3.0410169	-73.534828
Sitio178	0	2.9786306	-73.504281
Sitio179	6	3.2153515	-73.582898
Sitio180	4	3.2237488	-73.528268
Sitio181	4	3.07125	-73.523061
Sitio182	2	3.0898022	-73.416496
Sitio183	1	3.0617311	-73.582186
Sitio184	1	3.1209049	-73.532245
Sitio185	3	3.0252182	-73.560042
Sitio186	5	3.2397991	-73.534036
Sitio187	5	3.1780439	-73.403363
Sitio188	4	3.0574642	-73.543333
Sitio189	3	2.9984774	-73.419096
Sitio190	4	3.0626177	-73.468914
Sitio191	5	3.1022522	-73.559376
Sitio192	0	3.1669899	-73.45844
Sitio193	0	3.2329539	-73.505165
Sitio194	0	3.2080841	-73.415653
Sitio195	6	3.1955907	-73.558866
Sitio196	3	3.1815576	-73.519762
Sitio197	3	3.1402881	-73.471649
Sitio198	1	2.9698025	-73.468426
Sitio199	1	3.1652553	-73.563551
Sitio200	5	3.148183	-73.42451
Sitio201	6	3.0598402	-73.550075
Sitio202	5	3.1790877	-73.558272
Sitio203	4	3.16818	-73.571519
Sitio204	3	3.1014456	-73.417592
Sitio205	6	3.0683079	-73.5866
Sitio206	6	3.2180509	-73.59997
Sitio207	3	3.0356465	-73.478068
Sitio208	5	2.9642195	-73.532898
Sitio209	0	3.2156662	-73.57708
Sitio210	2	3.1873997	-73.448811
Sitio211	4	3.1374784	-73.472303
Sitio212	0	3.2014516	-73.45188
Sitio213	1	3.1849057	-73.491222
Sitio214	0	2.976538	-73.49675
Sitio215	4	3.2313142	-73.560366
Sitio216	1	3.2157728	-73.417022
Sitio217	4	3.0598878	-73.573822
Sitio218	2	2.9814206	-73.540224
Sitio219	4	2.9690872	-73.410165
Sitio220	0	3.0211565	-73.539244
Sitio221	1	3.0990379	-73.532871
Sitio222	5	3.0677791	-73.425748
Sitio223	0	3.0901954	-73.430575
Sitio224	6	3.0515309	-73.484825
Sitio225	1	3.2282357	-73.495342
Sitio226	2	3.0801022	-73.551719
Sitio227	4	3.0339306	-73.444871
Sitio228	3	3.217245	-73.415402
Sitio229	0	3.2053716	-73.533942
Sitio230	5	3.0125447	-73.50635
Sitio231	4	3.1578495	-73.491187
Sitio232	0	3.0976963	-73.537477
Sitio233	4	2.9579632	-73.445916
Sitio234	2	3.0249543	-73.462269
Sitio235	5	3.0133843	-73.567493
Sitio236	1	3.0043569	-73.599135
Sitio237	2	3.0620643	-73.490306
Sitio238	1	3.0353208	-73.432047
Sitio239	0	3.1710382	-73.465758
Sitio240	1	3.0604095	-73.470419
Sitio241	2	3.1735784	-73.537315
Sitio242	1	2.9663061	-73.595109
Sitio243	1	3.1029751	-73.566991
Sitio244	2	3.1787339	-73.455184
Sitio245	0	3.0414897	-73.459576
Sitio246	5	3.0757901	-73.473352
Sitio247	1	3.1457377	-73.538194
Sitio248	2	3.0511132	-73.507306
Sitio249	3	3.0512626	-73.445853
Sitio250	1	2.9728093	-73.402057
Sitio251	5	3.0290771	-73.538962
Sitio252	3	3.0342092	-73.419451
Sitio253	2	3.0918836	-73.58258
Sitio254	6	3.2432283	-73.423692
Sitio255	6	3.0191286	-73.488556
Sitio256	3	3.1581295	-73.577151
Sitio257	5	3.0435706	-73.45899
Sitio258	6	3.1866628	-73.408166
Sitio259	2	3.0998463	-73.541121
Sitio260	1	2.9517946	-73.548075
Sitio261	1	3.0372941	-73.513883
Sitio262	4	3.119477	-73.578285
Sitio263	4	3.1911885	-73.569144
Sitio264	3	3.212052	-73.578288
Sitio265	1	3.1564564	-73.582731
Sitio266	0	3.2394451	-73.457336
Sitio267	1	3.1975195	-73.508511
Sitio268	6	3.1229629	-73.589308
Sitio269	2	3.0332967	-73.568585
Sitio270	0	2.9956933	-73.566414
Sitio271	2	3.2014253	-73.498356
Sitio272	4	3.0262454	-73.438396
Sitio273	3	3.073972	-73.447037
Sitio274	5	3.1573627	-73.433118
Sitio275	5	3.1017359	-73.428205
Sitio276	5	3.036032	-73.417352
Sitio277	0	3.1642322	-73.571133
Sitio278	6	3.0366699	-73.424186
Sitio279	0	3.2314501	-73.467347
Sitio280	2	3.1724439	-73.441359
Sitio281	2	3.0632699	-73.5778
Sitio282	0	3.1008206	-73.51866
Sitio283	6	3.0429348	-73.456551
Sitio284	5	3.2302805	-73.490307
Sitio285	0	3.0741414	-73.540827
Sitio286	5	2.9882638	-73.596115
Sitio287	4	3.2405329	-73.583012
Sitio288	4	2.9559024	-73.478429
Sitio289	5	3.0666605	-73.542823
Sitio290	5	3.0212167	-73.449343
Sitio291	3	3.0348913	-73.451279
Sitio292	2	3.0285054	-73.55051
Sitio293	3	3.2055987	-73.595406
Sitio294	2	3.0903377	-73.541924
Sitio295	3	3.0575615	-73.488528
Sitio296	2	3.203878	-73.548821
Sitio297	5	3.2197048	-73.42441
Sitio298	1	3.1379583	-73.593703
Sitio299	3	3.2192389	-73.515059
Sitio300	0	3.1354195	-73.567894
